40 -260 16112 6 21 5 -4288
16 -264 16424 -272 -266 7 -4272
92 -288 16124 -272 -290 4 -4256
16 -292 16388 11 6 20 -4288
16 -268 16484 -267 13 -259 -4272
68 -284 16300 -262 5 20 -4288
32 68 16396 6 2 3 -4288
-260 -264 16464 10 -265 -258 -4272
-284 4 16464 8 10 14 -4272
48 8 16264 -268 -273 15 -4288
-292 -364 16436 26 3 8 -4304
0 -296 16092 6 -275 0 -4304
52 12 16480 1 -275 7 -4320
-312 -308 16100 14 11 6 -4288
-296 -316 16432 -271 -262 14 -4272
60 -364 16088 5 -260 -270 -4256
104 36 16464 6 -265 12 -4304
36 -336 16504 21 25 5 -4272
-84 16 16416 9 5 3 -4320
-320 -324 16400 -263 5 5 -4272
12 -324 16444 3 -257 8 -4288
84 -316 16092 10 3 15 -4288
40 44 16396 18 21 7 -4288
56 36 16444 -258 17 8 -4336
32 -268 16428 5 10 9 -4272
20 36 16048 -261 5 14 -4288
36 -300 16436 2 -269 -257 -4304
16 -324 16488 4 23 -265 -4288
-280 8 16464 8 -258 -265 -4272
36 -280 16416 -269 -259 -262 -4288
-104 -600 16272 457 365 -210 -4480
-24 -516 16400 491 232 -380 -4480
-48 -196 16344 399 532 -352 -4256
-24 -144 16456 290 172 -352 -4256
280 -136 16148 -358 179 -156 -4240
-276 -76 16652 31 -1003 -291 -4480
-180 -20 16340 19 -898 127 -4240
-60 -372 16440 78 -1282 76 -4480
-260 80 16272 63 -1334 117 -4240
-264 -120 16388 -21 -1261 265 -4464
15784 -1116 7528 6888 -8088 3017 -4480
15808 -1148 7280 6847 -10072 3903 -4256
16464 -1060 6664 6524 -11578 4360 -4464
16504 -768 5844 5453 -12719 4251 -4272
16644 -716 4496 3723 -13889 4716 -4480
6324 -1716 14744 -1644 14455 -2847 -4256
6256 -2056 14748 -1563 14440 -2672 -4432
5624 -2136 15092 -979 14417 -2409 -4448
5676 -2000 15368 -508 13827 -2059 -4464
5072 -2004 15332 -113 13359 -1857 -4432
16360 -6268 4628 -10658 3554 10889 -4480
16164 -6556 4896 -11074 5358 7571 -4480
15332 -7228 4528 -10849 7533 3579 -4480
14768 -7728 4100 -10421 8910 -1086 -4464
14100 -8456 3376 -10477 10654 -5964 -4448
6660 -25744 -4680 -32768 -4316 15503 -4464
5548 -25288 -4540 -32768 2019 -452 -4464
4444 -22944 -4192 -32768 8530 -16297 -4464
3764 -19932 -1884 -32768 13196 -29890 -4448
4612 -17728 -2056 -26224 18439 -32768 -4464
11528 -16568 1892 10781 18568 -32768 -4480
13372 -14308 184 17760 20315 -32768 -4480
13740 -11584 -624 23088 22615 -32768 -4480
12264 -6652 -1760 26407 25668 -32768 -4464
10940 -3276 -1052 28668 28602 -32768 -4448
9316 120 9328 -14533 -25494 32511 -4480
8892 152 8416 -15539 -29259 32511 -4464
8612 188 7932 -15911 -32442 32511 -4480
9444 -444 6776 -15233 -32768 32511 -4464
10796 -1988 6528 -15213 -32768 32511 -4240
14752 -9676 1204 3985 11671 -1714 -4464
14976 -10124 1052 5941 15294 -3891 -4480
16052 -11048 492 6535 19629 -6089 -4464
18036 -11712 244 7206 24544 -9997 -4448
19456 -12536 248 7776 30613 -14336 -4432
11368 -2632 14624 -942 5331 -4342 -4464
10692 -2576 14412 -875 5029 -6525 -4448
10516 -2568 14340 -1557 4434 -7918 -4432
9668 -2008 13912 -2451 3027 -9452 -4432
9576 -1952 13648 -3824 2095 -10901 -4416
-560 -520 15848 -531 -522 -518 -3392
-548 -584 15840 -528 -513 -525 -3392
-596 -540 16444 -539 15 -518 -3392
-580 -520 16428 -524 0 -524 -3424
-564 -516 15840 -524 -520 -520 -3424
-516 -600 16504 -516 -513 2 -3408
8 68 16456 3 -526 -521 -3440
80 4 16084 9 -514 7 -3408
92 -548 16440 -515 -531 3 -3408
92 12 15800 -527 2 6 -3424
4 -556 15788 0 12 0 -3408
52 -548 16468 -538 -517 13 -3408
-588 48 16408 -516 12 -523 -3408
-532 -344 15844 18 5 20 -3408
-160 56 16468 4 -513 -526 -3408
-588 60 16444 18 3 0 -3392
0 112 16400 5 -522 -522 -3392
40 76 16412 -515 -514 11 -3424
1932 -560 16228 -142 -11832 -1358 -3392
2360 76 16476 -617 -11852 -1336 -3360
996 -320 16116 -257 0 19 -4400
1292 -304 16388 -265 5 -258 -4384
1292 -268 16288 -279 1 12 -4384
988 -332 16336 -267 -273 18 -4400
972 -148 16652 5 10 -257 -4384
2268 -784 16036 -519 -11494 -1371 -3408
2608 -136 16200 -553 -12056 -918 -3376
12324 -576 12036 -341 -3437 -5 -3392
11948 -524 11896 -327 -3220 -65 -3344
12296 276 12088 -330 -4221 -55 -3376
12024 1048 11244 -269 -4667 527 -3408
12884 -104 11284 -264 -4274 541 -3360
16292 -156 1708 89 -4075 -269 -3376
16280 -632 1688 68 -4073 -291 -3376
16360 -604 2160 30 -4038 -266 -3408
1104 24 16036 8 -275 -266 -4368
976 -264 16468 -274 -258 17 -4400
960 -300 16436 -265 -267 16 -4368
912 -328 16508 -269 14 11 -4384
1004 -272 16064 -267 -260 9 -4400
16368 -228 1696 21 -4027 -304 -3360
16560 -140 -1304 8 -594 20 -3392
16940 -212 -768 -514 -596 10 -3392
16948 -192 -1312 2 -611 -516 -3360
16960 -200 -700 19 -584 38 -3376
16532 -188 -512 20 -611 14 -3376
17008 -136 -708 8 -521 5 -3360
16956 -604 -680 0 -519 0 -3392
16528 -248 -1384 -522 3 -525 -3408
16520 -640 -916 5 2 7 -3376
1052 732 16464 -280 0 -454 -4384
1136 -320 16488 -278 -283 -262 -4400
960 -288 16452 8 -287 -258 -4384
932 -320 16292 16 -268 -262 -4096
940 -312 16324 -262 25 -269 -4400
5972 -1352 19816 -5845 -11037 -605 -4400
6500 -2476 19120 -5519 -11816 -291 -4384
5724 -1964 17892 -5165 -11248 -961 -4368
5536 -1748 17524 -5472 -11386 -1208 -4368
5644 -1856 16788 -5933 -10748 -1269 -4368
16280 2844 56 -1071 -20 -566 -3360
16288 2184 -316 -1134 517 -545 -3376
16720 2652 68 -1151 -1 -520 -3376
16712 2624 112 -650 -2 56 -3344
17280 924 -10652 -9616 19214 21292 -3376
15132 5396 -10316 -11595 24408 17996 -3344
13200 6056 -8396 -12649 28143 14570 -3376
9540 8212 -4064 -12283 31498 12495 -3344
11636 32255 25728 -10357 26295 19252 -3392
5644 -152 15916 -318 8401 698 -3376
5344 96 13960 -345 8321 690 -3360
4840 -204 17196 28 8457 1100 -3360
5640 -248 15608 293 7648 1137 -3360
-572 8 15764 2 1 -518 -3376
24 8 15836 -521 -516 6 -3376
-520 0 15756 1 1 -521 -2816
-532 -608 15784 -528 20 6 -3360
108 84 16424 -514 -520 -513 -3360
-544 -560 16508 28 -531 19 -3376
-628 -556 16392 9 -526 -522 -2816
9476 -8040 1888 -10380 17129 -31295 -4112
8256 -6792 2560 -10617 16764 -28794 -4112
7340 -6436 1764 -10334 16392 -25582 -4112
7684 -7024 2316 -9212 16417 -22655 -3840
6896 -6800 4648 -8458 15133 -19081 -4128
8 -520 15780 15 -519 2 -3344
-528 -528 16408 6 -517 1 -3344
24 -528 16420 -526 -533 7 -3376
4 24 15836 19 -519 1 -2816
96 -520 15756 -513 4 2 -3360
-620 24 15860 23 -520 21 -3376
-584 56 15792 -517 -513 14 -3360
-560 -132 16388 4 -522 -525 -3376
64 -132 15828 -533 3 10 -3376
-572 -540 16468 -519 18 -516 -3360
564 -7988 22212 -32768 9950 -5813 -3840
-256 -10264 32511 -26145 -821 -2861 -3824
96 -13600 32511 -11828 -13425 1128 -3840
1800 -11128 25204 -3192 -23382 4057 -4112
3596 -6784 15656 -2133 -31218 7153 -4112
-608 56 15776 -520 -517 5 -3344
-584 0 16484 -527 -526 8 -3360
-588 -532 15780 3 -521 -517 -3360
-592 64 15864 12 -529 1 -3376
12 24 16248 3 -542 -526 -3344
-520 -584 16444 -529 12 1 -3344
-580 52 16444 -525 -519 13 -3376
-620 32 15864 16 7 -524 -3376
-140 -528 16000 -514 10 4 -3360
-640 -564 15776 1 -516 -518 -2816
9980 -9964 9060 -5601 20951 -1317 -4128
10272 -9852 8752 -5052 21444 -757 -4112
9924 -9800 9640 -4788 21478 -234 -4112
10044 -9660 10276 -4972 21236 57 -4144
9564 -9620 11512 -4841 20400 132 -4144
-592 4 16144 -529 4 -517 -3360
-532 -584 16408 -547 -516 11 -3360
0 -556 16448 -577 -522 -516 -3392
28 40 15792 -538 -518 -520 -3344
-524 0 15836 7 23 12 -3376
-152 44 16408 -515 5 -523 -3360
-588 8 16436 -513 0 -515 -3376
-556 80 15772 -516 14 -523 -3376
-164 108 16480 -515 -520 -524 -3360
-132 64 16428 -526 8 9 -3376
14144 -9720 2020 -307 -604 36 -4112
14000 -9660 2064 -320 -789 58 -4128
14160 -9672 1792 -179 -852 46 -4128
14180 -9656 1504 -245 -859 -271 -3840
14184 -9688 1480 -216 -408 -322 -3840
14040 -9616 2048 -375 -370 -291 -4144
14352 -9684 1912 -358 -321 -275 -4128
14368 -9632 2080 -346 -300 28 -4128
14424 -10004 1852 -304 -312 9 -4112
14448 -10052 1784 -290 -304 -259 -4112
-308 -288 16384 -269 7 -270 -4400
-324 -300 16232 -263 5 -257 -4400
-132 4 16120 -268 1 0 -4432
-284 -260 16096 4 -266 -257 -4400
-260 40 16456 35 0 -271 -4384
-328 -272 16088 -269 -269 8 -4416
92 -324 16444 -263 2 -257 -4384
-300 -264 16404 -262 -275 6 -4400
32 -300 16484 3 -265 2 -4400
68 24 16104 1 -275 13 -4384
24 28 16076 15 2 20 -4432
68 8 16004 -261 5 21 -4432
-348 20 16028 2 3 0 -4432
60 32 16120 9 2 3 -4416
24 -272 16072 -262 -261 2 -4416
13260 -10536 2448 370 -19211 -14020 -4400
13512 -10300 2592 418 -18757 -14014 -4432
13816 -9868 2412 786 -18522 -14436 -4432
11528 -12296 2600 -3587 -13346 -13451 -4416
11396 -11532 2236 -3519 -13748 -13708 -4384
11864 -11608 2012 -3740 -14365 -13965 -4400
14056 -3232 -7816 5319 -5899 -13043 -4400
14128 -3404 -8148 4293 -5107 -12548 -4400
13928 -3340 -8028 3633 -4784 -11158 -4384
14348 -4636 -5452 3087 15306 29006 -4400
14456 -4768 -4916 2888 15314 29643 -4368
14316 -5984 -4932 1983 14752 30356 -4416
13000 -11904 4236 -12310 -24700 -14675 -4096
13156 -11896 3496 -14962 -26987 -16465 -4368
13028 -11680 2932 -17545 -29084 -18229 -4384
15992 -7676 -8016 1436 -13974 -3956 -4384
14984 -5764 -10752 2624 -4809 -2523 -4096
13776 -4024 -12188 3177 4908 -382 -4368
11456 -13844 13364 -4314 3903 3234 -4096
10908 -14596 13304 -5554 2136 1272 -4384
10916 -14464 12464 -6997 481 262 -4384
3632 -8112 15168 2460 345 2928 -4192
2544 -7640 15096 1696 -1121 2112 -4224
2112 -6600 14940 923 -1901 1910 -4224
-408 -5448 14488 31207 -32768 6127 -3984
1936 -6516 15468 31097 -32768 6275 -3984
2064 -6476 13404 29483 -32768 5718 -3984
-8760 -8244 14028 -2879 -4381 505 -4224
-9076 -8712 13004 -1634 -6362 458 -4224
-8680 -9300 13208 -474 -8229 288 -3984
5692 -9008 4008 -10876 7523 -198 -3984
5276 -9120 4016 -5192 3616 1232 -3984
5488 -9724 4400 767 -838 3107 -3984
3076 3768 24728 32511 13785 1285 -4208
1664 5404 26080 29512 14782 -122 -3984
2344 4484 24652 17617 15997 -2381 -4000
-1272 -8428 6648 -32768 -5126 797 -4224
344 -10244 11192 -32768 -11003 385 -3984
1692 -9416 7336 -32768 -14791 -630 -4224
72 -3640 21888 -12086 -848 361 -3984
-68 -3916 21768 -13831 -1298 -201 -4208
996 -4436 20652 -15735 -1034 -1145 -4224
388 -4452 16736 2137 -321 -520 -4000
628 -4680 16896 2210 32 -177 -4224
484 -4664 16628 2301 59 5 -4208
1512 5540 23400 32511 10065 -6086 -4224
1716 6776 20432 30787 9172 -4748 -4224
908 8716 17800 18606 8047 -4030 -3984
-28112 -14044 20764 18355 -20186 26032 -4208
-23716 -15120 10048 11219 -16657 16232 -4208
-16260 -16088 3080 477 -6003 1115 -4224
-16532 -23304 7928 -13492 -8546 -5331 -4208
-13108 -20116 11324 -17998 -8462 -22129 -4192
-10968 -14548 11232 -20518 -10500 -32768 -3984
2328 -7236 3228 5450 -5879 -2015 -4208
3268 -7464 2196 6208 -8193 -2430 -4224
4168 -7524 1144 6648 -9723 -3007 -4208
-156 8 16224 -258 -258 5 -4416
-344 -140 16416 17 -284 8 -4416
-300 -296 16068 -259 2 5 -4432
-356 -280 16024 -268 14 3 -4432
-328 28 16296 -258 -273 -265 -4400
-172 -340 16116 10 -269 1 -4416
-164 -260 16452 11 -275 1 -4432
-252 -376 16108 11 8 -262 -4432
-520 -336 16396 23 -257 -259 -4400
-168 -168 16048 32 -272 -276 -4400
-152 0 16096 4 4 -259 -4416
-192 40 16476 -260 5 -270 -4400
-348 -264 16040 5 -257 -260 -4432
-200 80 16084 -275 -262 9 -4432
-356 92 16028 0 -272 -258 -4432
-340 24 16112 -268 6 -263 -4416
-132 -264 16088 -274 -265 12 -4432
-160 8 16056 -263 -267 -264 -4432
-320 -280 16096 2 21 -258 -4432
-160 -268 16092 -264 -265 -273 -4432
-156 -328 16004 0 -271 -260 -4448
-344 -276 16124 1 4 -267 -4432
-208 -284 16120 -263 -261 0 -4432
-136 40 16412 16 10 -264 -4400
-356 -264 16068 -264 2 14 -4432
-9516 10884 12284 -2261 -5884 4175 -4416
3544 -2568 16664 -4032 -382 4110 -4400
2648 -2868 16320 -1420 -1681 -1597 -4432
536 1228 16612 -1291 -2401 -4914 -4432
-896 568 16424 -2299 -2625 -5030 -4432
-5860 -11232 13280 -16118 -1083 -14965 -4432
-6108 -11088 13168 -16349 -2641 -15574 -4416
-7204 -9748 12952 -16384 -3514 -15587 -4416
-7816 -7860 12760 -16496 -4082 -14348 -4448
-7664 -6608 12176 -16390 -3780 -11816 -4416
4260 -10588 14792 4190 5378 6122 -4384
6172 -10176 14880 2730 6480 9083 -4416
7908 -10344 15216 969 6283 11170 -4416
9496 -10344 15892 -1044 5721 12675 -4416
9856 -10312 16280 -2317 4008 13046 -4416
-12768 -3100 10948 13047 -32768 -3036 -4384
-11136 -2040 11520 14237 -31673 -5088 -4384
-11644 -1904 12832 15519 -32768 -7612 -4416
-11196 -3416 11876 16603 -32768 -11107 -4416
-11212 -3552 10360 15693 -32768 -14237 -4416
-7016 -5932 26356 -3385 -3120 -328 -4432
-8104 -4800 24364 -5711 -1855 -924 -4416
-9472 -4684 22560 -7408 249 -1752 -4480
-10828 -3740 19172 -9084 2630 -2277 -4416
-10668 -2632 17388 -10261 4348 -3189 -4384
2300 -804 14764 -9512 -1592 -935 -4432
1724 -400 18040 -8012 -238 -1391 -4416
1244 -1036 20688 -5030 180 -1322 -4416
1036 -1584 22344 -2366 -28 -1099 -4416
1032 -1232 21796 402 -165 -846 -4384
-2916 9352 11924 -9029 -14705 822 -4432
-2556 8868 9116 -12914 -16779 836 -4416
-1240 7900 8972 -16953 -19971 256 -4416
664 6164 8480 -18284 -22292 -1132 -4448
1888 4000 6176 -15751 -20536 -1852 -4416
15408 -6628 4488 -2553 4152 12591 -4432
16692 -8168 5776 -58 10475 12000 -4448
17812 -9692 7532 1179 14979 11867 -4416
19212 -10992 9284 -419 17595 10772 -4416
17908 -11828 16520 -4277 14165 9248 -4416
-624 -8204 8040 -7332 3732 18660 -4432
-1984 -8208 5816 -6235 5015 17037 -4416
-4208 -7380 4344 -4131 5953 14242 -4448
-5928 -6908 3696 -1439 5277 11347 -4416
-6612 -7432 4216 1115 4211 8000 -4416
1856 -6112 13152 4944 1524 -3662 -4416
2820 -6244 13840 6005 -269 -4282 -4448
3188 -6136 13988 6402 -1725 -4968 -4416
3480 -6812 14300 5846 -2805 -4498 -4416
4128 -7468 14972 5406 -3003 -3783 -4448
2692 -2996 13424 6727 1045 -9609 -4432
3916 -2976 14248 6497 463 -9609 -4416
4660 -3184 15548 5969 128 -9510 -4448
4836 -2724 16712 5363 75 -8579 -4416
5792 -2492 16752 4938 -75 -7958 -4416
1860 -16300 1212 -350 -561 -28 -4080
1792 -16512 1180 -179 -557 -268 -4080
1632 -16736 1344 -241 -253 -190 -4064
1204 -16384 1200 -604 -162 -519 -4096
1148 -16572 2052 -613 -136 -168 -4096
1288 -17268 1688 62 -355 52 -4064
916 -17016 1512 300 -353 269 -4080
916 -16328 1224 171 -272 152 -4048
1360 -16436 1012 147 -110 -3 -4080
1152 -16384 1160 -6 -66 -267 -4080
1112 -16640 1828 56 -320 -584 -4064
1096 -16708 1464 97 23 -266 -4096
752 -16680 1516 92 34 340 -4064
1248 -16308 1592 124 135 417 -4064
952 -16676 1704 301 -279 496 -4064
888 -16472 2064 -316 76 16 -4064
720 -16708 1792 -117 -91 278 -4080
1344 -16524 1436 -108 -55 229 -4080
1188 -16820 1456 26 -24 549 -4048
1860 -17256 1896 -197 -61 193 -4096
1032 -16588 1712 125 75 73 -4080
900 -17048 1532 106 70 100 -4064
1584 -17488 1792 -110 -119 44 -4064
1236 -17080 2096 98 -63 -259 -4064
1344 -16996 1932 -104 119 41 -4064
1668 -17676 2440 123 -335 -23 -4064
1788 -17288 2340 -61 -211 -90 -4048
1528 -17236 2048 -2 -154 -351 -4048
1544 -16712 1532 -89 -354 -568 -4048
1328 -16004 1532 15 -301 -631 -4080
1600 -17248 2328 -416 -199 153 -4080
1260 -17004 2176 -238 -215 381 -4080
1596 -16576 1780 -375 -384 -37 -4064
1248 -16308 1520 -158 -315 36 -4064
1212 -16740 1756 -625 -266 -357 -4096
1564 -16632 2108 -573 -123 125 -4032
1588 -16816 1740 -612 -97 70 -4064
1536 -16776 2420 -628 72 97 -4096
1420 -17000 2388 -543 -299 262 -4064
1656 -16656 2252 -188 -165 340 -4064
1556 -16520 2292 -661 -549 -105 -4064
924 -16452 2364 -660 -401 342 -4048
1080 -16392 2168 -830 -435 222 -4080
656 -16012 1736 -419 -591 536 -4048
704 -16192 1820 -584 -245 557 -4080
12 28 16384 5 4 8 -4352
-284 -300 16084 9 33 -275 -4640
-272 -288 16208 -264 11 8 -4352
-284 12 16124 11 -271 -257 -4336
-260 60 16112 -264 -277 3 -4320
52 36 16200 21 4 15 -4352
-336 -320 16412 5 0 10 -4352
-84 4 16028 15 21 15 -4336
-260 -332 16440 9 -267 16 -4320
-296 0 16452 -259 14 1 -4352
-276 -280 16020 10 -282 8 -4336
52 -288 16356 15 -268 2 -4624
60 -320 16472 8 1 -261 -4352
-284 16 16468 -261 15 -263 -4352
12 72 16100 1 -263 1 -4336
108 44 16124 17 -262 18 -4640
0 36 16400 7 16 0 -4288
-288 56 16400 -259 -282 21 -4336
0 -272 16460 5 15 17 -4336
44 56 16024 -264 -260 -261 -4352
44 40 16280 4 -277 17 -4336
-328 -300 16072 16 21 8 -4336
-260 -260 16412 5 -258 -258 -4352
-276 68 16400 11 5 -269 -4352
32 116 16428 -263 -277 -265 -4336
-296 20 16060 3 -257 2 -4352
28 -328 16068 22 9 -260 -4336
12 -320 16120 -274 11 8 -4640
8 -260 16500 -257 -273 5 -4336
16 124 16468 7 21 -267 -4336
1240 208 14308 -11101 -4014 970 -4352
364 384 16452 -9050 -4622 -244 -4352
2832 1124 15484 -8768 -4724 -2742 -4640
5388 1356 14568 -8439 -4105 -5383 -4624
6064 1468 15440 -8302 -2466 -7119 -4352
696 -11784 10676 16211 -9541 -15049 -4352
904 -12368 10744 15134 -8552 -14683 -4320
128 -11024 11928 13221 -8194 -12707 -4336
868 -8664 12848 10162 -8160 -9928 -4624
2104 -7712 13292 6901 -8521 -6541 -4352
-3196 -3144 16324 -4472 4183 -8278 -4352
-3736 -1108 16456 -4292 3307 -7716 -4624
-3356 -2324 15656 -5110 2536 -8301 -4320
-4828 1172 15848 -5606 738 -8848 -4336
-4200 -460 16172 -5854 -1347 -11281 -4336
444 2216 15564 1168 11290 4820 -4352
-104 2664 15360 886 11326 4549 -4336
116 2388 15020 -146 11101 4413 -4320
-236 2272 14532 -2298 10305 3730 -4336
-72 1756 14248 -5202 9697 3760 -4624
1016 -7628 13892 149 -5229 -2950 -4624
1600 -8824 13292 1142 -5213 -2906 -4336
2084 -9312 13296 1660 -4836 -3048 -4624
2376 -9496 13820 1177 -4532 -3782 -4320
1688 -8984 14428 236 -4025 -4598 -4624
-336 16 16436 -276 -276 -261 -4624
8 -316 16064 2 -270 28 -4336
8 -304 16504 2 -259 2 -4352
68 -300 16384 5 0 10 -4352
-292 -276 16464 10 -268 19 -4336
-300 20 16068 12 -261 -266 -4336
-280 52 16248 5 -257 4 -4352
44 20 16060 12 -273 1 -4336
-364 68 16012 -279 17 -265 -4352
40 80 16000 -285 1 -258 -4352
-280 -284 16408 11 9 2 -4336
92 -372 16388 11 -261 -258 -4336
64 -320 16404 0 -280 -266 -4624
-260 -300 16048 -257 -271 9 -4352
-300 -296 16092 -263 8 0 -4336
40 20 16488 17 10 -261 -4624
28 4 16100 4 -268 -260 -4352
-340 -268 16500 7 9 -260 -4352
-260 -288 16392 3 -281 14 -4640
28 -264 16460 -276 -271 6 -4352
-280 64 16480 12 -257 11 -4624
-288 -112 16052 0 -260 8 -4624
-308 -268 16276 -267 -273 17 -4336
100 -288 16236 -257 7 -260 -4352
84 -320 16400 9 12 6 -4336
0 -284 16028 3 -257 5 -4336
-288 0 16428 -263 -266 6 -4656
28 16 16076 5 -258 -262 -4624
48 48 16064 -268 -263 0 -4352
-288 44 16416 7 6 3 -4624
-296 4 16124 -259 1 1 -4624
-288 76 16472 14 13 5 -4624
-304 20 16492 -263 1 -261 -4352
76 -284 16396 9 13 3 -4352
56 -316 16092 -268 1 -268 -4624
16 -272 16100 -258 8 -257 -4624
72 -284 16400 -270 15 -277 -4656
-120 56 16388 -264 5 12 -4624
20 32 16464 -258 -263 2 -4352
84 -276 16468 -261 -281 0 -4624
-340 20 16384 1 -260 -260 -4640
32 48 16096 -273 -260 0 -4336
-308 -272 16088 12 1 10 -4640
-300 24 16140 1 -271 0 -4352
-320 -276 16092 15 18 5 -4624
24 24 16408 12 -261 2 -4640
8 -264 16472 -264 -265 9 -4640
-336 0 16496 10 -262 1 -4352
-268 56 16384 2 3 -263 -4336
60 56 16384 7 6 -275 -4336
8 -264 16440 1 27 6 -4624
108 60 16004 14 -269 3 -4624
-260 108 16116 -262 11 5 -4624
-320 84 16036 7 -285 8 -4640
-296 -324 16112 -260 5 1 -4624
-372 -268 16044 -260 11 20 -4336
-292 20 16468 -258 0 3 -4352
104 -276 16040 17 13 -271 -4624
20 12 16048 -259 7 18 -4352
-312 -296 16408 -273 -262 -264 -4640
-276 32 16052 -259 11 1 -4320
-336 -328 16020 7 0 -261 -4640
0 -288 16084 -267 9 -259 -4624
52 28 16468 0 2 5 -4624
-376 56 16244 -267 -261 -260 -4352
-324 -288 16112 -258 13 3 -4624
-268 20 16096 1 -266 -266 -4352
-276 36 16192 24 0 -264 -4624
-360 40 16120 3 14 -269 -4624
32 0 16392 -259 -264 -259 -4352
-332 36 16084 6 -264 -258 -4640
24 32 16404 9 2 7 -4352
0 -284 16484 6 -261 -260 -4624
-176 -332 16084 -257 6 -257 -4624
36 68 16124 8 10 13 -4352
20 8 16448 7 -257 -268 -4640
-304 -264 16276 -258 -286 8 -4352
52 -340 16476 -269 -266 13 -4352
8 -284 16048 -258 0 -265 -4624
-328 20 16412 -258 8 -260 -4352
-268 -284 16084 -264 12 -280 -4640
16 36 16116 -263 -260 2 -4352
40 36 16256 5 13 6 -4352
32 -264 16452 6 3 2 -4336
4 72 16468 -257 -258 4 -4640
44 36 16032 8 -257 13 -4352
-276 -348 16116 -268 -257 13 -4640
-336 -292 16436 -265 -282 -275 -4624
-352 -332 16092 15 -260 -260 -4624
-272 40 16400 -262 -261 12 -4640
-296 -268 16384 16 7 5 -4624
36 -308 16492 3 18 1 -4624
-312 -296 16412 -262 -276 8 -4624
-336 20 16028 4 11 6 -4640
-312 52 16016 -257 -259 -261 -4624
44 -264 16504 -265 4 -265 -4640
28 -260 16444 -261 4 4 -4624
56 -280 16080 2 -268 -259 -4352
4 -276 16408 0 -258 0 -4624
44 -328 16424 -261 -284 -260 -4320
-308 0 16052 17 3 -263 -4320
-276 24 16112 14 -268 -270 -4352
32 -332 16456 10 -261 11 -4624
-268 24 16024 -261 -262 9 -4624
88 8 16392 1 -269 17 -4352
-268 -300 16392 -263 -266 -265 -4640
-352 -296 16120 -259 -280 12 -4336
40 8 16412 5 -276 -258 -4352
4 -312 16108 25 2 13 -4352
-380 24 16044 -258 -258 15 -4624
-352 84 16420 2 -273 -272 -4624
-140 16 16388 2 6 -265 -4656
56 -272 16480 -276 -261 13 -4624
-304 60 16064 -261 4 -263 -4352
0 0 16056 -264 -269 4 -4624
20 -132 16492 -268 -282 14 -4352
-376 16 16052 -265 -275 10 -4656
92 -264 16448 -273 5 6 -4352
-312 12 16096 5 13 -265 -4336
-336 -332 16096 -259 -258 11 -4352
-328 -272 16384 -264 -260 -264 -4624
-336 4 16424 -262 8 -259 -4336
-300 64 16020 12 8 14 -4336
16 36 16408 -262 18 7 -4352
-276 4 16080 10 3 -268 -4624
24 -304 16416 -267 2 4 -4352
8 12 16432 1 0 5 -4352
-272 56 16048 -273 -277 7 -4624
44 0 16464 -267 -258 10 -4640
36 -356 16440 2 1 7 -4320
-264 0 16492 -266 3 -257 -4640
-292 56 16096 8 3 10 -4352
-384 28 16456 -258 10 -260 -4624
72 60 16044 18 -268 13 -4352
-288 20 16264 -273 -261 -260 -4640
-292 -264 16412 11 17 -265 -4320
-284 20 16084 23 17 12 -4352
-268 -300 16344 -259 2 -259 -4624
-268 -264 16116 8 2 -263 -4640
-264 -280 16208 -258 -269 0 -4624
32 -352 16080 -277 -272 6 -4640
-276 -276 16460 4 -271 4 -4640
-260 8 16012 -263 -258 16 -4352
-296 -360 16120 4 -264 -269 -4624
0 28 16116 -264 14 -265 -4640
72 -316 16392 -258 -278 3 -4352
-284 -340 16392 28 3 14 -4624
-368 -272 16048 -259 -267 1 -4640
-260 -300 16124 -257 -285 8 -4336
-364 8 16032 9 -284 -257 -4624
52 -296 16092 13 5 4 -4352
40 -276 16072 -271 -264 12 -4352
0 28 16196 -265 -286 -260 -4640
36 4 16052 -275 16 -261 -4336
28 44 16116 -267 8 -274 -4640
32 4 16092 -258 -263 0 -4640
-292 -300 16116 6 8 -262 -4640
-264 52 16440 -258 -259 5 -4640
48 -268 16120 -262 -262 -263 -4336
-292 52 16092 6 6 1 -4656
40 -284 16224 -269 -264 25 -4320
-148 -364 16000 6 19 4 -4640
-312 -332 16388 -275 -257 5 -4624
44 -284 16044 -263 3 6 -4352
-344 -380 16308 12 3 3 -4640
-296 48 16504 -258 -271 7 -4336
-324 -320 16068 0 -261 -259 -4336
-344 24 16008 5 -260 -257 -4352
-328 0 16068 -283 18 -261 -4352
-268 80 16016 -266 -264 1 -4624
4 36 16384 5 -276 14 -4352
0 28 16060 -263 -266 -265 -4352
60 20 16388 5 -265 5 -4320
16 -280 16104 11 8 -268 -4624
68 -324 16048 12 -272 7 -4640
68 -272 16288 -269 -261 0 -4624
100 28 16064 -263 5 3 -4624
-284 56 16452 8 -269 -259 -4624
-312 0 16460 -261 -265 -264 -4352
20 -332 16480 0 -259 10 -4336
40 -284 16384 -260 22 4 -4352
76 72 16312 -261 2 -274 -4352
52 4 16016 11 -266 0 -4624
12 16 16084 -268 -275 3 -4336
52 -340 16260 -263 -271 4 -4352
28 -300 16052 2 -268 -260 -4624
44 28 16172 -265 -270 5 -4320
-304 44 16424 -265 12 -260 -4336
24 16 16468 -259 -265 0 -4320
32 76 16264 -262 -269 0 -4352
28 40 16068 14 -275 -264 -4624
24 8 16024 9 4 -258 -4640
-292 24 16124 12 -259 15 -4624
-268 -296 16108 -266 10 4 -4352
104 40 16408 14 4 -258 -4352
-296 20 16000 -264 -265 -258 -4624
40 8 16652 2 -261 2 -4624
44 44 16112 6 -274 14 -4624
28 -348 16092 6 21 -269 -4320
60 -260 16184 16 -260 9 -4624
-308 -116 16112 -259 -270 -276 -4624
32 8 16008 -269 -267 6 -4624
8 -324 16040 -264 -269 16 -4352
96 80 16124 -265 -258 -269 -4352
48 8 16052 3 11 -257 -4624
-296 -316 16084 -272 -257 -265 -4640
-284 4 16264 2 -263 29 -4352
44 76 16092 18 -257 -265 -4624
-316 -260 16112 23 4 1 -4336
-268 20 16384 -258 11 12 -4352
24 24 16076 -287 12 -266 -4352
-296 12 16088 2 -266 7 -4624
-292 52 16124 0 1 7 -4640
-260 44 16064 3 -265 16 -4336
40 -280 16104 1 6 -260 -4624
-276 -284 16116 -268 0 1 -4624
-312 44 16040 -258 4 -263 -4624
-272 -272 16428 0 0 -259 -4624
32 -288 16412 3 -257 11 -4352
12 32 16008 -270 5 -264 -4624
76 0 16076 5 -263 -277 -4640
-364 20 16460 7 -258 18 -4352
104 -352 16112 8 6 20 -4624
40 -328 16428 21 -258 -260 -4624
64 0 16424 13 -269 6 -4640
32 40 16028 5 5 0 -4640
48 -260 16444 -261 -264 -267 -4320
-268 -292 16084 4 12 -271 -4640
-308 -288 16400 -269 14 17 -4624
52 24 16276 0 8 9 -4320
-312 64 16496 3 -261 0 -4352
8 -264 16056 -272 13 -261 -4640
-312 -288 16108 -260 -269 -259 -4352
76 28 16384 -265 -271 7 -4624
24 16 16112 0 7 5 -4624
-292 -292 16032 10 7 8 -4352
-296 64 16408 1 3 -259 -4352
60 -336 16400 1 -282 -272 -4304
-340 -312 16224 -263 -262 -262 -4336
-276 8 16336 -258 16 -262 -4352
40 44 16424 18 15 7 -4352
-276 12 16088 -260 -279 12 -4624
16 -360 16480 -261 17 -275 -4640
52 32 16244 14 1 11 -4336
-308 16 16240 -271 -268 0 -4624
-272 80 16200 15 -274 -262 -4336
-288 -268 16028 13 -276 2 -4336
-312 28 16416 -259 -268 -258 -4624
16 -276 16436 -259 -272 -264 -4352
-268 12 16488 15 -270 8 -4624
44 12 16068 1 16 4 -4336
-336 -268 16072 2 -264 -262 -4352
68 52 16068 1 2 -257 -4336
28 -372 16244 2 -269 15 -4352
-300 116 16088 0 -267 -259 -4640
32 72 16420 1 8 -260 -4336
84 -312 16044 13 -258 8 -4336
32 20 16388 3 -271 12 -4624
-276 16 16468 -267 -260 -258 -4640
4 84 16064 -257 3 4 -4624
-296 24 16076 7 -258 -258 -4352
-268 -328 16048 21 -261 -259 -4352
-128 20 16508 13 8 -280 -4352
-324 8 16100 13 6 -257 -4624
36 4 16464 -265 -265 14 -4640
-380 20 16124 7 -259 2 -4624
-280 88 16044 23 3 10 -4624
48 -292 16088 2 -264 -261 -4352
0 4 16032 16 -266 7 -4352
16 -312 16056 17 -263 27 -4624
56 -288 16120 -257 -257 -263 -4336
32 68 16104 2 0 -257 -4624
-292 -288 16072 7 5 3 -4336
-268 92 16420 12 -258 2 -4640
12 20 16392 -272 -261 8 -4624
-348 -344 16040 -269 -268 -261 -4352
-292 -384 16396 -274 -259 -260 -4624
-136 4 16460 -264 10 11 -4336
8 -324 16500 17 5 -273 -4640
-280 0 16116 9 0 -257 -4336
-312 44 16480 -260 -263 5 -4320
-300 8 16044 1 0 -269 -4352
-292 -272 16080 14 3 4 -4336
40 32 16088 5 -272 -257 -4336
52 -264 16116 11 -260 9 -4352
56 64 16260 10 2 4 -4352
-300 68 16028 2 11 3 -4352
-280 -116 16116 -265 4 -260 -4624
60 -288 16076 15 -269 14 -4624
-308 -296 16448 1 -260 -269 -4352
-276 -276 16460 8 -257 3 -4320
76 -276 16416 -271 34 9 -4352
0 116 16416 18 -269 7 -4640
0 -272 16436 8 -278 6 -4624
-272 32 16480 5 5 4 -4352
56 -304 16096 7 -262 24 -4336
-336 -320 16452 -262 11 -272 -4336
56 0 16008 -260 -264 4 -4352
52 -312 16100 -260 -271 3 -4352
-268 -276 16152 -268 3 19 -4336
84 80 16412 2 -273 -276 -4320
-272 80 16468 -270 -262 7 -4624
8 -268 16092 11 11 -265 -4352
32 68 16016 2 -262 4 -4624
-304 20 16448 9 13 -259 -4352
24 20 16384 3 21 4 -4624
76 60 16116 -275 -269 16 -4352
0 28 16112 4 1 -258 -4336
-308 96 16072 8 6 -271 -4352
-368 -324 16424 -257 -258 13 -4320
-368 -288 16468 -260 9 12 -4336
-316 52 16392 -258 -263 4 -4336
-336 16 16468 7 -265 5 -4352
92 4 16492 18 -273 4 -4352
0 56 16108 6 16 -266 -4336
36 -352 16116 -261 -259 4 -4352
-324 0 16120 19 1 4 -4336
-132 32 16024 -261 -267 -267 -4352
-368 104 16092 2 -276 -260 -4336
20 -316 16440 1 -280 9 -4352
-304 36 16496 -267 -278 -265 -4336
52 24 16004 20 -269 11 -4336
-292 36 16452 4 -257 -262 -4352
0 44 16112 10 -266 -258 -4352
68 -268 16028 -260 9 8 -4336
-276 -292 16448 0 18 2 -4352
-272 60 16300 2 7 -259 -4640
-348 52 16264 -258 -270 -263 -4336
-380 -264 16108 7 4 3 -4336
28 64 16480 10 17 -257 -4320
-288 -268 16396 15 8 -265 -4336
-264 -344 16360 7 -266 12 -4336
-336 20 16388 -265 -273 17 -4624
-336 -300 16112 -258 14 27 -4320
80 -368 16488 11 -271 9 -4304
-328 -272 16452 -259 -273 6 -4624
8 76 16100 14 25 -268 -4624
-292 -280 16084 -265 2 -260 -4336
-360 -300 16400 -265 1 -257 -4352
-336 36 16400 10 4 13 -4336
